 ABUNDANCES                                                          
	Anders, E. & Grevesse, N. 1989, Geochimica et Cosmochimica Acta      
	Vol 53, pp 197-214                                                   
	Photospheric abundances listed in table 2, except for those          
	elements without it, or those classified as 'uncertain', for         
	which meteoritic abundances are used.                                

  Atom  Abundance
______________________________________________________________________
   1    12.0000
   2    10.9900
   3    1.16000
   4    1.15000
   5    2.88000
   6    8.56000
   7    8.05000
   8    8.93000
   9    4.56000
   10    8.09000
   11    6.33000
   12    7.58000
   13    6.47000
   14    7.55000
   15    5.45000
   16    7.21000
   17    5.50000
   18    6.56000
   19    5.12000
   20    7.56000
   21    3.10000
   22    4.87000
   23    4.00000
   24    5.67000
   25    5.39000
   26    7.46
   27    4.92000
   28    6.25000
   29    4.21000
   30    4.60000
   31    2.88000
   32    3.41000
   33    2.37000
   34    3.35000
   35    2.63000
   36    3.23000
   37    2.60000
   38    2.90000
   39    2.24000
   40    2.60000
   41    1.42000
   42    1.92000
   43  0.
   44    1.84000
   45    1.12000
   46    1.69000
   47    1.24000
   48    1.86000
   49   0.820000
   50    2.00000
   51    1.00000
   52    2.24000
   53    1.51000
   54    2.23000
   55    1.12000
   56    2.13000
   57    1.22000
   58    1.55000
   59   0.710000
   60    1.50000
   61  0.
   62    1.00000
   63   0.510000
   64    1.12000
   65   0.330000
   66    1.10000
   67   0.500000
   68   0.930000
   69   0.130000
   70    1.08000
   71   0.120000
   72   0.880000
   73   0.130000
   74   0.680000
   75   0.270000
   76    1.45000
   77    1.35000
   78    1.80000
   79   0.830000
   80    1.09000
   81   0.820000
   82    1.85000
   83   0.710000
   84   -8.00000
   85   -8.00000
   86   -8.00000
   87   -8.00000
   88   -8.00000
   89   -8.00000
   90   0.120000
   91   -8.00000
   92  -0.490000
